V_DS	Id(M1)
Step Information: V_GS=0  (Step: 1/41)
0.000000000000000e+00	6.499139e-11
2.000000000000000e-01	2.991920e-12
4.000000000000000e-01	3.199060e-12
6.000000000000001e-01	3.399788e-12
8.000000000000000e-01	3.599924e-12
1.000000000000000e+00	3.800024e-12
1.200000000000000e+00	4.000049e-12
1.400000000000000e+00	4.200037e-12
1.600000000000000e+00	4.400099e-12
1.800000000000000e+00	4.600087e-12
2.000000000000000e+00	4.800076e-12
2.200000000000000e+00	5.000064e-12
2.400000000000000e+00	5.200052e-12
2.600000000000000e+00	5.399892e-12
2.800000000000000e+00	5.599880e-12
3.000000000000000e+00	5.799868e-12
3.200000000000000e+00	5.999856e-12
3.400000000000000e+00	6.199993e-12
3.600000000000000e+00	6.399833e-12
3.800000000000000e+00	6.599969e-12
4.000000000000000e+00	6.799809e-12
4.200000000000000e+00	6.999797e-12
4.400000000000000e+00	7.199638e-12
4.600000000000001e+00	7.399774e-12
4.800000000000001e+00	7.599910e-12
5.000000000000000e+00	7.799750e-12
5.200000000000000e+00	7.999591e-12
5.400000000000000e+00	8.199726e-12
5.600000000000001e+00	8.399862e-12
5.800000000000001e+00	8.599703e-12
6.000000000000000e+00	8.799543e-12
6.200000000000000e+00	8.999975e-12
6.400000000000000e+00	9.199815e-12
6.600000000000001e+00	9.399656e-12
6.800000000000001e+00	9.599791e-12
7.000000000000000e+00	9.799928e-12
7.200000000000000e+00	9.999768e-12
7.400000000000000e+00	1.019961e-11
7.600000000000001e+00	1.039974e-11
7.800000000000001e+00	1.059958e-11
8.000000000000000e+00	1.079972e-11
8.200000000000001e+00	1.099986e-11
8.400000000000000e+00	1.119999e-11
8.600000000000000e+00	1.139954e-11
8.800000000000001e+00	1.159967e-11
9.000000000000000e+00	1.179922e-11
9.200000000000001e+00	1.199935e-11
9.400000000000000e+00	1.219949e-11
9.600000000000001e+00	1.239963e-11
9.800000000000001e+00	1.259976e-11
1.000000000000000e+01	1.279990e-11
Step Information: V_GS=200m  (Step: 2/41)
0.000000000000000e+00	-1.527339e-28
2.000000000000000e-01	2.995314e-12
4.000000000000000e-01	3.202454e-12
6.000000000000001e-01	3.403182e-12
8.000000000000000e-01	3.603318e-12
1.000000000000000e+00	3.803418e-12
1.200000000000000e+00	4.003443e-12
1.400000000000000e+00	4.203431e-12
1.600000000000000e+00	4.403493e-12
1.800000000000000e+00	4.603481e-12
2.000000000000000e+00	4.803469e-12
2.200000000000000e+00	5.003458e-12
2.400000000000000e+00	5.203446e-12
2.600000000000000e+00	5.403286e-12
2.800000000000000e+00	5.603274e-12
3.000000000000000e+00	5.803262e-12
3.200000000000000e+00	6.003250e-12
3.400000000000000e+00	6.203387e-12
3.600000000000000e+00	6.403227e-12
3.800000000000000e+00	6.603363e-12
4.000000000000000e+00	6.803203e-12
4.200000000000000e+00	7.003191e-12
4.400000000000000e+00	7.203032e-12
4.600000000000001e+00	7.403167e-12
4.800000000000001e+00	7.603304e-12
5.000000000000000e+00	7.803144e-12
5.200000000000000e+00	8.002985e-12
5.400000000000000e+00	8.203120e-12
5.600000000000001e+00	8.403256e-12
5.800000000000001e+00	8.603097e-12
6.000000000000000e+00	8.802937e-12
6.200000000000000e+00	9.003369e-12
6.400000000000000e+00	9.203209e-12
6.600000000000001e+00	9.403050e-12
6.800000000000001e+00	9.603185e-12
7.000000000000000e+00	9.803322e-12
7.200000000000000e+00	1.000316e-11
7.400000000000000e+00	1.020300e-11
7.600000000000001e+00	1.040314e-11
7.800000000000001e+00	1.060298e-11
8.000000000000000e+00	1.080311e-11
8.200000000000001e+00	1.100325e-11
8.400000000000000e+00	1.120339e-11
8.600000000000000e+00	1.140293e-11
8.800000000000001e+00	1.160307e-11
9.000000000000000e+00	1.180261e-11
9.200000000000001e+00	1.200275e-11
9.400000000000000e+00	1.220288e-11
9.600000000000001e+00	1.240302e-11
9.800000000000001e+00	1.260316e-11
1.000000000000000e+01	1.280329e-11
Step Information: V_GS=400m  (Step: 3/41)
0.000000000000000e+00	-1.527339e-28
2.000000000000000e-01	3.180612e-12
4.000000000000000e-01	3.387752e-12
6.000000000000001e-01	3.588480e-12
8.000000000000000e-01	3.788617e-12
1.000000000000000e+00	3.988716e-12
1.200000000000000e+00	4.188741e-12
1.400000000000000e+00	4.388729e-12
1.600000000000000e+00	4.588792e-12
1.800000000000000e+00	4.788780e-12
2.000000000000000e+00	4.988768e-12
2.200000000000000e+00	5.188756e-12
2.400000000000000e+00	5.388744e-12
2.600000000000000e+00	5.588584e-12
2.800000000000000e+00	5.788572e-12
3.000000000000000e+00	5.988561e-12
3.200000000000000e+00	6.188549e-12
3.400000000000000e+00	6.388685e-12
3.600000000000000e+00	6.588525e-12
3.800000000000000e+00	6.788661e-12
4.000000000000000e+00	6.988501e-12
4.200000000000000e+00	7.188490e-12
4.400000000000000e+00	7.388330e-12
4.600000000000001e+00	7.588466e-12
4.800000000000001e+00	7.788602e-12
5.000000000000000e+00	7.988442e-12
5.200000000000000e+00	8.188283e-12
5.400000000000000e+00	8.388418e-12
5.600000000000001e+00	8.588555e-12
5.800000000000001e+00	8.788395e-12
6.000000000000000e+00	8.988236e-12
6.200000000000000e+00	9.188667e-12
6.400000000000000e+00	9.388507e-12
6.600000000000001e+00	9.588347e-12
6.800000000000001e+00	9.788484e-12
7.000000000000000e+00	9.988620e-12
7.200000000000000e+00	1.018846e-11
7.400000000000000e+00	1.038830e-11
7.600000000000001e+00	1.058844e-11
7.800000000000001e+00	1.078828e-11
8.000000000000000e+00	1.098841e-11
8.200000000000001e+00	1.118855e-11
8.400000000000000e+00	1.138869e-11
8.600000000000000e+00	1.158823e-11
8.800000000000001e+00	1.178837e-11
9.000000000000000e+00	1.198791e-11
9.200000000000001e+00	1.218805e-11
9.400000000000000e+00	1.238818e-11
9.600000000000001e+00	1.258832e-11
9.800000000000001e+00	1.278845e-11
1.000000000000000e+01	1.298859e-11
Step Information: V_GS=600m  (Step: 4/41)
0.000000000000000e+00	-4.960243e-38
2.000000000000000e-01	1.329716e-11
4.000000000000000e-01	1.350430e-11
6.000000000000001e-01	1.370502e-11
8.000000000000000e-01	1.390516e-11
1.000000000000000e+00	1.410526e-11
1.200000000000000e+00	1.430529e-11
1.400000000000000e+00	1.450527e-11
1.600000000000000e+00	1.470534e-11
1.800000000000000e+00	1.490532e-11
2.000000000000000e+00	1.510531e-11
2.200000000000000e+00	1.530530e-11
2.400000000000000e+00	1.550529e-11
2.600000000000000e+00	1.570513e-11
2.800000000000000e+00	1.590512e-11
3.000000000000000e+00	1.610511e-11
3.200000000000000e+00	1.630509e-11
3.400000000000000e+00	1.650523e-11
3.600000000000000e+00	1.670507e-11
3.800000000000000e+00	1.690521e-11
4.000000000000000e+00	1.710505e-11
4.200000000000000e+00	1.730503e-11
4.400000000000000e+00	1.750487e-11
4.600000000000001e+00	1.770501e-11
4.800000000000001e+00	1.790515e-11
5.000000000000000e+00	1.810499e-11
5.200000000000000e+00	1.830483e-11
5.400000000000000e+00	1.850496e-11
5.600000000000001e+00	1.870510e-11
5.800000000000001e+00	1.890494e-11
6.000000000000000e+00	1.910478e-11
6.200000000000000e+00	1.930521e-11
6.400000000000000e+00	1.950505e-11
6.600000000000001e+00	1.970489e-11
6.800000000000001e+00	1.990503e-11
7.000000000000000e+00	2.010516e-11
7.200000000000000e+00	2.030500e-11
7.400000000000000e+00	2.050484e-11
7.600000000000001e+00	2.070498e-11
7.800000000000001e+00	2.090482e-11
8.000000000000000e+00	2.110496e-11
8.200000000000001e+00	2.130509e-11
8.400000000000000e+00	2.150523e-11
8.600000000000000e+00	2.170477e-11
8.800000000000001e+00	2.190491e-11
9.000000000000000e+00	2.210445e-11
9.200000000000001e+00	2.230459e-11
9.400000000000000e+00	2.250473e-11
9.600000000000001e+00	2.270486e-11
9.800000000000001e+00	2.290500e-11
1.000000000000000e+01	2.310514e-11
Step Information: V_GS=800m  (Step: 5/41)
0.000000000000000e+00	-4.960243e-38
2.000000000000000e-01	5.654790e-10
4.000000000000000e-01	5.656862e-10
6.000000000000001e-01	5.658869e-10
8.000000000000000e-01	5.660870e-10
1.000000000000000e+00	5.662871e-10
1.200000000000000e+00	5.664871e-10
1.400000000000000e+00	5.666871e-10
1.600000000000000e+00	5.668872e-10
1.800000000000000e+00	5.670872e-10
2.000000000000000e+00	5.672872e-10
2.200000000000000e+00	5.674872e-10
2.400000000000000e+00	5.676872e-10
2.600000000000000e+00	5.678870e-10
2.800000000000000e+00	5.680870e-10
3.000000000000000e+00	5.682870e-10
3.200000000000000e+00	5.684870e-10
3.400000000000000e+00	5.686871e-10
3.600000000000000e+00	5.688869e-10
3.800000000000000e+00	5.690871e-10
4.000000000000000e+00	5.692869e-10
4.200000000000000e+00	5.694869e-10
4.400000000000000e+00	5.696867e-10
4.600000000000001e+00	5.698869e-10
4.800000000000001e+00	5.700870e-10
5.000000000000000e+00	5.702869e-10
5.200000000000000e+00	5.704867e-10
5.400000000000000e+00	5.706868e-10
5.600000000000001e+00	5.708869e-10
5.800000000000001e+00	5.710868e-10
6.000000000000000e+00	5.712866e-10
6.200000000000000e+00	5.714871e-10
6.400000000000000e+00	5.716869e-10
6.600000000000001e+00	5.718868e-10
6.800000000000001e+00	5.720869e-10
7.000000000000000e+00	5.722871e-10
7.200000000000000e+00	5.724869e-10
7.400000000000000e+00	5.726867e-10
7.600000000000001e+00	5.728868e-10
7.800000000000001e+00	5.730867e-10
8.000000000000000e+00	5.732868e-10
8.200000000000001e+00	5.734870e-10
8.400000000000000e+00	5.736871e-10
8.600000000000000e+00	5.738867e-10
8.800000000000001e+00	5.740868e-10
9.000000000000000e+00	5.742863e-10
9.200000000000001e+00	5.744865e-10
9.400000000000000e+00	5.746866e-10
9.600000000000001e+00	5.748867e-10
9.800000000000001e+00	5.750869e-10
1.000000000000000e+01	5.752870e-10
Step Information: V_GS=1  (Step: 6/41)
0.000000000000000e+00	-1.527339e-28
2.000000000000000e-01	3.064804e-08
4.000000000000000e-01	3.064825e-08
6.000000000000001e-01	3.064845e-08
8.000000000000000e-01	3.064865e-08
1.000000000000000e+00	3.064885e-08
1.200000000000000e+00	3.064905e-08
1.400000000000000e+00	3.064925e-08
1.600000000000000e+00	3.064945e-08
1.800000000000000e+00	3.064965e-08
2.000000000000000e+00	3.064985e-08
2.200000000000000e+00	3.065005e-08
2.400000000000000e+00	3.065025e-08
2.600000000000000e+00	3.065045e-08
2.800000000000000e+00	3.065065e-08
3.000000000000000e+00	3.065085e-08
3.200000000000000e+00	3.065105e-08
3.400000000000000e+00	3.065125e-08
3.600000000000000e+00	3.065145e-08
3.800000000000000e+00	3.065165e-08
4.000000000000000e+00	3.065185e-08
4.200000000000000e+00	3.065205e-08
4.400000000000000e+00	3.065225e-08
4.600000000000001e+00	3.065245e-08
4.800000000000001e+00	3.065265e-08
5.000000000000000e+00	3.065285e-08
5.200000000000000e+00	3.065305e-08
5.400000000000000e+00	3.065325e-08
5.600000000000001e+00	3.065345e-08
5.800000000000001e+00	3.065365e-08
6.000000000000000e+00	3.065385e-08
6.200000000000000e+00	3.065405e-08
6.400000000000000e+00	3.065425e-08
6.600000000000001e+00	3.065445e-08
6.800000000000001e+00	3.065465e-08
7.000000000000000e+00	3.065485e-08
7.200000000000000e+00	3.065505e-08
7.400000000000000e+00	3.065525e-08
7.600000000000001e+00	3.065545e-08
7.800000000000001e+00	3.065565e-08
8.000000000000000e+00	3.065585e-08
8.200000000000001e+00	3.065605e-08
8.400000000000000e+00	3.065625e-08
8.600000000000000e+00	3.065645e-08
8.800000000000001e+00	3.065665e-08
9.000000000000000e+00	3.065685e-08
9.200000000000001e+00	3.065705e-08
9.400000000000000e+00	3.065725e-08
9.600000000000001e+00	3.065745e-08
9.800000000000001e+00	3.065765e-08
1.000000000000000e+01	3.065785e-08
Step Information: V_GS=1.2  (Step: 7/41)
0.000000000000000e+00	-1.527339e-28
2.000000000000000e-01	1.647006e-06
4.000000000000000e-01	1.647006e-06
6.000000000000001e-01	1.647006e-06
8.000000000000000e-01	1.647006e-06
1.000000000000000e+00	1.647006e-06
1.200000000000000e+00	1.647007e-06
1.400000000000000e+00	1.647007e-06
1.600000000000000e+00	1.647007e-06
1.800000000000000e+00	1.647007e-06
2.000000000000000e+00	1.647007e-06
2.200000000000000e+00	1.647008e-06
2.400000000000000e+00	1.647008e-06
2.600000000000000e+00	1.647008e-06
2.800000000000000e+00	1.647008e-06
3.000000000000000e+00	1.647008e-06
3.200000000000000e+00	1.647009e-06
3.400000000000000e+00	1.647009e-06
3.600000000000000e+00	1.647009e-06
3.800000000000000e+00	1.647009e-06
4.000000000000000e+00	1.647009e-06
4.200000000000000e+00	1.647010e-06
4.400000000000000e+00	1.647010e-06
4.600000000000001e+00	1.647010e-06
4.800000000000001e+00	1.647010e-06
5.000000000000000e+00	1.647010e-06
5.200000000000000e+00	1.647011e-06
5.400000000000000e+00	1.647011e-06
5.600000000000001e+00	1.647011e-06
5.800000000000001e+00	1.647011e-06
6.000000000000000e+00	1.647011e-06
6.200000000000000e+00	1.647012e-06
6.400000000000000e+00	1.647012e-06
6.600000000000001e+00	1.647012e-06
6.800000000000001e+00	1.647012e-06
7.000000000000000e+00	1.647012e-06
7.200000000000000e+00	1.647013e-06
7.400000000000000e+00	1.647013e-06
7.600000000000001e+00	1.647013e-06
7.800000000000001e+00	1.647013e-06
8.000000000000000e+00	1.647013e-06
8.200000000000001e+00	1.647014e-06
8.400000000000000e+00	1.647014e-06
8.600000000000000e+00	1.647014e-06
8.800000000000001e+00	1.647014e-06
9.000000000000000e+00	1.647014e-06
9.200000000000001e+00	1.647015e-06
9.400000000000000e+00	1.647015e-06
9.600000000000001e+00	1.647015e-06
9.800000000000001e+00	1.647015e-06
1.000000000000000e+01	1.647015e-06
Step Information: V_GS=1.4  (Step: 8/41)
0.000000000000000e+00	-1.527339e-28
2.000000000000000e-01	8.033511e-05
4.000000000000000e-01	8.033511e-05
6.000000000000001e-01	8.033511e-05
8.000000000000000e-01	8.033511e-05
1.000000000000000e+00	8.033511e-05
1.200000000000000e+00	8.033511e-05
1.400000000000000e+00	8.033511e-05
1.600000000000000e+00	8.033511e-05
1.800000000000000e+00	8.033511e-05
2.000000000000000e+00	8.033511e-05
2.200000000000000e+00	8.033511e-05
2.400000000000000e+00	8.033511e-05
2.600000000000000e+00	8.033511e-05
2.800000000000000e+00	8.033511e-05
3.000000000000000e+00	8.033511e-05
3.200000000000000e+00	8.033511e-05
3.400000000000000e+00	8.033511e-05
3.600000000000000e+00	8.033511e-05
3.800000000000000e+00	8.033511e-05
4.000000000000000e+00	8.033511e-05
4.200000000000000e+00	8.033511e-05
4.400000000000000e+00	8.033511e-05
4.600000000000001e+00	8.033511e-05
4.800000000000001e+00	8.033511e-05
5.000000000000000e+00	8.033511e-05
5.200000000000000e+00	8.033511e-05
5.400000000000000e+00	8.033511e-05
5.600000000000001e+00	8.033511e-05
5.800000000000001e+00	8.033511e-05
6.000000000000000e+00	8.033511e-05
6.200000000000000e+00	8.033511e-05
6.400000000000000e+00	8.033511e-05
6.600000000000001e+00	8.033511e-05
6.800000000000001e+00	8.033511e-05
7.000000000000000e+00	8.033511e-05
7.200000000000000e+00	8.033511e-05
7.400000000000000e+00	8.033511e-05
7.600000000000001e+00	8.033511e-05
7.800000000000001e+00	8.033511e-05
8.000000000000000e+00	8.033511e-05
8.200000000000001e+00	8.033511e-05
8.400000000000000e+00	8.033511e-05
8.600000000000000e+00	8.033511e-05
8.800000000000001e+00	8.033511e-05
9.000000000000000e+00	8.033511e-05
9.200000000000001e+00	8.033511e-05
9.400000000000000e+00	8.033511e-05
9.600000000000001e+00	8.033511e-05
9.800000000000001e+00	8.033511e-05
1.000000000000000e+01	8.033511e-05
Step Information: V_GS=1.6  (Step: 9/41)
0.000000000000000e+00	-1.527339e-28
2.000000000000000e-01	2.264474e-03
4.000000000000000e-01	2.264474e-03
6.000000000000001e-01	2.264474e-03
8.000000000000000e-01	2.264474e-03
1.000000000000000e+00	2.264474e-03
1.200000000000000e+00	2.264474e-03
1.400000000000000e+00	2.264474e-03
1.600000000000000e+00	2.264474e-03
1.800000000000000e+00	2.264474e-03
2.000000000000000e+00	2.264474e-03
2.200000000000000e+00	2.264474e-03
2.400000000000000e+00	2.264474e-03
2.600000000000000e+00	2.264474e-03
2.800000000000000e+00	2.264474e-03
3.000000000000000e+00	2.264474e-03
3.200000000000000e+00	2.264474e-03
3.400000000000000e+00	2.264474e-03
3.600000000000000e+00	2.264474e-03
3.800000000000000e+00	2.264474e-03
4.000000000000000e+00	2.264474e-03
4.200000000000000e+00	2.264474e-03
4.400000000000000e+00	2.264474e-03
4.600000000000001e+00	2.264474e-03
4.800000000000001e+00	2.264474e-03
5.000000000000000e+00	2.264474e-03
5.200000000000000e+00	2.264474e-03
5.400000000000000e+00	2.264474e-03
5.600000000000001e+00	2.264474e-03
5.800000000000001e+00	2.264474e-03
6.000000000000000e+00	2.264474e-03
6.200000000000000e+00	2.264474e-03
6.400000000000000e+00	2.264474e-03
6.600000000000001e+00	2.264474e-03
6.800000000000001e+00	2.264474e-03
7.000000000000000e+00	2.264474e-03
7.200000000000000e+00	2.264474e-03
7.400000000000000e+00	2.264474e-03
7.600000000000001e+00	2.264474e-03
7.800000000000001e+00	2.264474e-03
8.000000000000000e+00	2.264474e-03
8.200000000000001e+00	2.264474e-03
8.400000000000000e+00	2.264474e-03
8.600000000000000e+00	2.264474e-03
8.800000000000001e+00	2.264474e-03
9.000000000000000e+00	2.264474e-03
9.200000000000001e+00	2.264474e-03
9.400000000000000e+00	2.264474e-03
9.600000000000001e+00	2.264474e-03
9.800000000000001e+00	2.264474e-03
1.000000000000000e+01	2.264474e-03
Step Information: V_GS=1.8  (Step: 10/41)
0.000000000000000e+00	-1.527339e-28
2.000000000000000e-01	1.608450e-02
4.000000000000000e-01	1.727172e-02
6.000000000000001e-01	1.727218e-02
8.000000000000000e-01	1.727170e-02
1.000000000000000e+00	1.727170e-02
1.200000000000000e+00	1.727170e-02
1.400000000000000e+00	1.727170e-02
1.600000000000000e+00	1.727170e-02
1.800000000000000e+00	1.727170e-02
2.000000000000000e+00	1.727170e-02
2.200000000000000e+00	1.727170e-02
2.400000000000000e+00	1.727170e-02
2.600000000000000e+00	1.727170e-02
2.800000000000000e+00	1.727170e-02
3.000000000000000e+00	1.727170e-02
3.200000000000000e+00	1.727170e-02
3.400000000000000e+00	1.727170e-02
3.600000000000000e+00	1.727170e-02
3.800000000000000e+00	1.727170e-02
4.000000000000000e+00	1.727170e-02
4.200000000000000e+00	1.727170e-02
4.400000000000000e+00	1.727170e-02
4.600000000000001e+00	1.727170e-02
4.800000000000001e+00	1.727170e-02
5.000000000000000e+00	1.727170e-02
5.200000000000000e+00	1.727170e-02
5.400000000000000e+00	1.727170e-02
5.600000000000001e+00	1.727170e-02
5.800000000000001e+00	1.727170e-02
6.000000000000000e+00	1.727170e-02
6.200000000000000e+00	1.727170e-02
6.400000000000000e+00	1.727170e-02
6.600000000000001e+00	1.727170e-02
6.800000000000001e+00	1.727170e-02
7.000000000000000e+00	1.727170e-02
7.200000000000000e+00	1.727170e-02
7.400000000000000e+00	1.727170e-02
7.600000000000001e+00	1.727170e-02
7.800000000000001e+00	1.727170e-02
8.000000000000000e+00	1.727170e-02
8.200000000000001e+00	1.727170e-02
8.400000000000000e+00	1.727170e-02
8.600000000000000e+00	1.727170e-02
8.800000000000001e+00	1.727170e-02
9.000000000000000e+00	1.727170e-02
9.200000000000001e+00	1.727170e-02
9.400000000000000e+00	1.727170e-02
9.600000000000001e+00	1.727170e-02
9.800000000000001e+00	1.727170e-02
1.000000000000000e+01	1.727170e-02
Step Information: V_GS=2  (Step: 11/41)
0.000000000000000e+00	-1.527339e-28
2.000000000000000e-01	2.696474e-02
4.000000000000000e-01	4.549009e-02
6.000000000000001e-01	4.962763e-02
8.000000000000000e-01	4.963789e-02
1.000000000000000e+00	4.962760e-02
1.200000000000000e+00	4.962759e-02
1.400000000000000e+00	4.962759e-02
1.600000000000000e+00	4.962759e-02
1.800000000000000e+00	4.962759e-02
2.000000000000000e+00	4.962759e-02
2.200000000000000e+00	4.962759e-02
2.400000000000000e+00	4.962759e-02
2.600000000000000e+00	4.962759e-02
2.800000000000000e+00	4.962759e-02
3.000000000000000e+00	4.962759e-02
3.200000000000000e+00	4.962759e-02
3.400000000000000e+00	4.962759e-02
3.600000000000000e+00	4.962759e-02
3.800000000000000e+00	4.962759e-02
4.000000000000000e+00	4.962759e-02
4.200000000000000e+00	4.962759e-02
4.400000000000000e+00	4.962759e-02
4.600000000000001e+00	4.962759e-02
4.800000000000001e+00	4.962759e-02
5.000000000000000e+00	4.962759e-02
5.200000000000000e+00	4.962759e-02
5.400000000000000e+00	4.962759e-02
5.600000000000001e+00	4.962759e-02
5.800000000000001e+00	4.962759e-02
6.000000000000000e+00	4.962759e-02
6.200000000000000e+00	4.962759e-02
6.400000000000000e+00	4.962759e-02
6.600000000000001e+00	4.962759e-02
6.800000000000001e+00	4.962759e-02
7.000000000000000e+00	4.962759e-02
7.200000000000000e+00	4.962759e-02
7.400000000000000e+00	4.962759e-02
7.600000000000001e+00	4.962759e-02
7.800000000000001e+00	4.962759e-02
8.000000000000000e+00	4.962759e-02
8.200000000000001e+00	4.962759e-02
8.400000000000000e+00	4.962759e-02
8.600000000000000e+00	4.962759e-02
8.800000000000001e+00	4.962759e-02
9.000000000000000e+00	4.962759e-02
9.200000000000001e+00	4.962759e-02
9.400000000000000e+00	4.962759e-02
9.600000000000001e+00	4.962759e-02
9.800000000000001e+00	4.962759e-02
1.000000000000000e+01	4.962759e-02
Step Information: V_GS=2.2  (Step: 12/41)
0.000000000000000e+00	-1.527339e-28
2.000000000000000e-01	3.246480e-02
4.000000000000000e-01	6.071215e-02
6.000000000000001e-01	8.251333e-02
8.000000000000000e-01	9.339008e-02
1.000000000000000e+00	9.364439e-02
1.200000000000000e+00	9.364439e-02
1.400000000000000e+00	9.364438e-02
1.600000000000000e+00	9.364438e-02
1.800000000000000e+00	9.364438e-02
2.000000000000000e+00	9.364438e-02
2.200000000000000e+00	9.364438e-02
2.400000000000000e+00	9.364438e-02
2.600000000000000e+00	9.364438e-02
2.800000000000000e+00	9.364438e-02
3.000000000000000e+00	9.364438e-02
3.200000000000000e+00	9.364438e-02
3.400000000000000e+00	9.364438e-02
3.600000000000000e+00	9.364438e-02
3.800000000000000e+00	9.364438e-02
4.000000000000000e+00	9.364438e-02
4.200000000000000e+00	9.364438e-02
4.400000000000000e+00	9.364438e-02
4.600000000000001e+00	9.364438e-02
4.800000000000001e+00	9.364438e-02
5.000000000000000e+00	9.364438e-02
5.200000000000000e+00	9.364438e-02
5.400000000000000e+00	9.364438e-02
5.600000000000001e+00	9.364438e-02
5.800000000000001e+00	9.364438e-02
6.000000000000000e+00	9.364438e-02
6.200000000000000e+00	9.364438e-02
6.400000000000000e+00	9.364438e-02
6.600000000000001e+00	9.364438e-02
6.800000000000001e+00	9.364438e-02
7.000000000000000e+00	9.364438e-02
7.200000000000000e+00	9.364438e-02
7.400000000000000e+00	9.364438e-02
7.600000000000001e+00	9.364438e-02
7.800000000000001e+00	9.364438e-02
8.000000000000000e+00	9.364438e-02
8.200000000000001e+00	9.364438e-02
8.400000000000000e+00	9.364438e-02
8.600000000000000e+00	9.364438e-02
8.800000000000001e+00	9.364438e-02
9.000000000000000e+00	9.364438e-02
9.200000000000001e+00	9.364438e-02
9.400000000000000e+00	9.364438e-02
9.600000000000001e+00	9.364438e-02
9.800000000000001e+00	9.364438e-02
1.000000000000000e+01	9.364438e-02
Step Information: V_GS=2.4  (Step: 13/41)
0.000000000000000e+00	-1.527339e-28
2.000000000000000e-01	3.566911e-02
4.000000000000000e-01	6.883030e-02
6.000000000000001e-01	9.855029e-02
8.000000000000000e-01	1.233090e-01
1.000000000000000e+00	1.404234e-01
1.200000000000000e+00	1.453844e-01
1.400000000000000e+00	1.452738e-01
1.600000000000000e+00	1.452573e-01
1.800000000000000e+00	1.452573e-01
2.000000000000000e+00	1.452573e-01
2.200000000000000e+00	1.452573e-01
2.400000000000000e+00	1.452573e-01
2.600000000000000e+00	1.452573e-01
2.800000000000000e+00	1.452573e-01
3.000000000000000e+00	1.452573e-01
3.200000000000000e+00	1.452573e-01
3.400000000000000e+00	1.452573e-01
3.600000000000000e+00	1.452573e-01
3.800000000000000e+00	1.452573e-01
4.000000000000000e+00	1.452573e-01
4.200000000000000e+00	1.452573e-01
4.400000000000000e+00	1.452573e-01
4.600000000000001e+00	1.452573e-01
4.800000000000001e+00	1.452573e-01
5.000000000000000e+00	1.452573e-01
5.200000000000000e+00	1.452573e-01
5.400000000000000e+00	1.452573e-01
5.600000000000001e+00	1.452573e-01
5.800000000000001e+00	1.452573e-01
6.000000000000000e+00	1.452573e-01
6.200000000000000e+00	1.452573e-01
6.400000000000000e+00	1.452573e-01
6.600000000000001e+00	1.452573e-01
6.800000000000001e+00	1.452573e-01
7.000000000000000e+00	1.452573e-01
7.200000000000000e+00	1.452573e-01
7.400000000000000e+00	1.452573e-01
7.600000000000001e+00	1.452573e-01
7.800000000000001e+00	1.452573e-01
8.000000000000000e+00	1.452573e-01
8.200000000000001e+00	1.452573e-01
8.400000000000000e+00	1.452573e-01
8.600000000000000e+00	1.452573e-01
8.800000000000001e+00	1.452573e-01
9.000000000000000e+00	1.452573e-01
9.200000000000001e+00	1.452573e-01
9.400000000000000e+00	1.452573e-01
9.600000000000001e+00	1.452573e-01
9.800000000000001e+00	1.452573e-01
1.000000000000000e+01	1.452573e-01
Step Information: V_GS=2.6  (Step: 14/41)
0.000000000000000e+00	-1.527339e-28
2.000000000000000e-01	3.775465e-02
4.000000000000000e-01	7.384861e-02
6.000000000000001e-01	1.078042e-01
8.000000000000000e-01	1.389231e-01
1.000000000000000e+00	1.661443e-01
1.200000000000000e+00	1.877459e-01
1.400000000000000e+00	2.006683e-01
1.600000000000000e+00	2.024019e-01
1.800000000000000e+00	2.022871e-01
2.000000000000000e+00	2.022855e-01
2.200000000000000e+00	2.022855e-01
2.400000000000000e+00	2.022855e-01
2.600000000000000e+00	2.022855e-01
2.800000000000000e+00	2.022855e-01
3.000000000000000e+00	2.022855e-01
3.200000000000000e+00	2.022855e-01
3.400000000000000e+00	2.022855e-01
3.600000000000000e+00	2.022855e-01
3.800000000000000e+00	2.022855e-01
4.000000000000000e+00	2.022855e-01
4.200000000000000e+00	2.022855e-01
4.400000000000000e+00	2.022855e-01
4.600000000000001e+00	2.022855e-01
4.800000000000001e+00	2.022855e-01
5.000000000000000e+00	2.022855e-01
5.200000000000000e+00	2.022855e-01
5.400000000000000e+00	2.022855e-01
5.600000000000001e+00	2.022855e-01
5.800000000000001e+00	2.022855e-01
6.000000000000000e+00	2.022855e-01
6.200000000000000e+00	2.022855e-01
6.400000000000000e+00	2.022855e-01
6.600000000000001e+00	2.022855e-01
6.800000000000001e+00	2.022855e-01
7.000000000000000e+00	2.022855e-01
7.200000000000000e+00	2.022855e-01
7.400000000000000e+00	2.022855e-01
7.600000000000001e+00	2.022855e-01
7.800000000000001e+00	2.022855e-01
8.000000000000000e+00	2.022855e-01
8.200000000000001e+00	2.022855e-01
8.400000000000000e+00	2.022855e-01
8.600000000000000e+00	2.022855e-01
8.800000000000001e+00	2.022855e-01
9.000000000000000e+00	2.022855e-01
9.200000000000001e+00	2.022855e-01
9.400000000000000e+00	2.022855e-01
9.600000000000001e+00	2.022855e-01
9.800000000000001e+00	2.022855e-01
1.000000000000000e+01	2.022855e-01
Step Information: V_GS=2.8  (Step: 15/41)
0.000000000000000e+00	-1.527339e-28
2.000000000000000e-01	3.921949e-02
4.000000000000000e-01	7.725826e-02
6.000000000000001e-01	1.138394e-01
8.000000000000000e-01	1.485848e-01
1.000000000000000e+00	1.809666e-01
1.200000000000000e+00	2.102194e-01
1.400000000000000e+00	2.351776e-01
1.600000000000000e+00	2.539483e-01
1.800000000000000e+00	2.631587e-01
2.000000000000000e+00	2.635216e-01
2.200000000000000e+00	2.634442e-01
2.400000000000000e+00	2.634442e-01
2.600000000000000e+00	2.634442e-01
2.800000000000000e+00	2.634442e-01
3.000000000000000e+00	2.634442e-01
3.200000000000000e+00	2.634442e-01
3.400000000000000e+00	2.634442e-01
3.600000000000000e+00	2.634442e-01
3.800000000000000e+00	2.634442e-01
4.000000000000000e+00	2.634442e-01
4.200000000000000e+00	2.634442e-01
4.400000000000000e+00	2.634442e-01
4.600000000000001e+00	2.634442e-01
4.800000000000001e+00	2.634442e-01
5.000000000000000e+00	2.634442e-01
5.200000000000000e+00	2.634442e-01
5.400000000000000e+00	2.634442e-01
5.600000000000001e+00	2.634442e-01
5.800000000000001e+00	2.634442e-01
6.000000000000000e+00	2.634442e-01
6.200000000000000e+00	2.634442e-01
6.400000000000000e+00	2.634442e-01
6.600000000000001e+00	2.634442e-01
6.800000000000001e+00	2.634442e-01
7.000000000000000e+00	2.634442e-01
7.200000000000000e+00	2.634442e-01
7.400000000000000e+00	2.634442e-01
7.600000000000001e+00	2.634442e-01
7.800000000000001e+00	2.634442e-01
8.000000000000000e+00	2.634442e-01
8.200000000000001e+00	2.634442e-01
8.400000000000000e+00	2.634442e-01
8.600000000000000e+00	2.634442e-01
8.800000000000001e+00	2.634442e-01
9.000000000000000e+00	2.634442e-01
9.200000000000001e+00	2.634442e-01
9.400000000000000e+00	2.634442e-01
9.600000000000001e+00	2.634442e-01
9.800000000000001e+00	2.634442e-01
1.000000000000000e+01	2.634442e-01
Step Information: V_GS=3  (Step: 16/41)
0.000000000000000e+00	-1.527339e-28
2.000000000000000e-01	4.030501e-02
4.000000000000000e-01	7.972734e-02
6.000000000000001e-01	1.180922e-01
8.000000000000000e-01	1.551719e-01
1.000000000000000e+00	1.906658e-01
1.200000000000000e+00	2.241669e-01
1.400000000000000e+00	2.551069e-01
1.600000000000000e+00	2.826626e-01
1.800000000000000e+00	3.055815e-01
2.000000000000000e+00	3.218307e-01
2.200000000000000e+00	3.278701e-01
2.400000000000000e+00	3.279341e-01
2.600000000000000e+00	3.278986e-01
2.800000000000000e+00	3.278986e-01
3.000000000000000e+00	3.278986e-01
3.200000000000000e+00	3.278986e-01
3.400000000000000e+00	3.278986e-01
3.600000000000000e+00	3.278986e-01
3.800000000000000e+00	3.278986e-01
4.000000000000000e+00	3.278986e-01
4.200000000000000e+00	3.278986e-01
4.400000000000000e+00	3.278986e-01
4.600000000000001e+00	3.278986e-01
4.800000000000001e+00	3.278986e-01
5.000000000000000e+00	3.278986e-01
5.200000000000000e+00	3.278986e-01
5.400000000000000e+00	3.278986e-01
5.600000000000001e+00	3.278986e-01
5.800000000000001e+00	3.278986e-01
6.000000000000000e+00	3.278986e-01
6.200000000000000e+00	3.278986e-01
6.400000000000000e+00	3.278986e-01
6.600000000000001e+00	3.278986e-01
6.800000000000001e+00	3.278986e-01
7.000000000000000e+00	3.278986e-01
7.200000000000000e+00	3.278986e-01
7.400000000000000e+00	3.278986e-01
7.600000000000001e+00	3.278986e-01
7.800000000000001e+00	3.278986e-01
8.000000000000000e+00	3.278986e-01
8.200000000000001e+00	3.278986e-01
8.400000000000000e+00	3.278986e-01
8.600000000000000e+00	3.278986e-01
8.800000000000001e+00	3.278986e-01
9.000000000000000e+00	3.278986e-01
9.200000000000001e+00	3.278986e-01
9.400000000000000e+00	3.278986e-01
9.600000000000001e+00	3.278986e-01
9.800000000000001e+00	3.278986e-01
1.000000000000000e+01	3.278986e-01
Step Information: V_GS=3.2  (Step: 17/41)
0.000000000000000e+00	-1.527339e-28
2.000000000000000e-01	4.114178e-02
4.000000000000000e-01	8.159866e-02
6.000000000000001e-01	1.212533e-01
8.000000000000000e-01	1.599578e-01
1.000000000000000e+00	1.975248e-01
1.200000000000000e+00	2.337121e-01
1.400000000000000e+00	2.682001e-01
1.600000000000000e+00	3.005565e-01
1.800000000000000e+00	3.301790e-01
2.000000000000000e+00	3.561965e-01
2.200000000000000e+00	3.772863e-01
2.400000000000000e+00	3.913048e-01
2.600000000000000e+00	3.951748e-01
2.800000000000000e+00	3.950792e-01
3.000000000000000e+00	3.950664e-01
3.200000000000000e+00	3.950664e-01
3.400000000000000e+00	3.950664e-01
3.600000000000000e+00	3.950664e-01
3.800000000000000e+00	3.950664e-01
4.000000000000000e+00	3.950664e-01
4.200000000000000e+00	3.950664e-01
4.400000000000000e+00	3.950664e-01
4.600000000000001e+00	3.950664e-01
4.800000000000001e+00	3.950664e-01
5.000000000000000e+00	3.950664e-01
5.200000000000000e+00	3.950664e-01
5.400000000000000e+00	3.950664e-01
5.600000000000001e+00	3.950664e-01
5.800000000000001e+00	3.950664e-01
6.000000000000000e+00	3.950664e-01
6.200000000000000e+00	3.950664e-01
6.400000000000000e+00	3.950664e-01
6.600000000000001e+00	3.950664e-01
6.800000000000001e+00	3.950664e-01
7.000000000000000e+00	3.950664e-01
7.200000000000000e+00	3.950664e-01
7.400000000000000e+00	3.950664e-01
7.600000000000001e+00	3.950664e-01
7.800000000000001e+00	3.950664e-01
8.000000000000000e+00	3.950664e-01
8.200000000000001e+00	3.950664e-01
8.400000000000000e+00	3.950664e-01
8.600000000000000e+00	3.950664e-01
8.800000000000001e+00	3.950664e-01
9.000000000000000e+00	3.950664e-01
9.200000000000001e+00	3.950664e-01
9.400000000000000e+00	3.950664e-01
9.600000000000001e+00	3.950664e-01
9.800000000000001e+00	3.950664e-01
1.000000000000000e+01	3.950664e-01
Step Information: V_GS=3.4  (Step: 18/41)
0.000000000000000e+00	-1.527339e-28
2.000000000000000e-01	4.180659e-02
4.000000000000000e-01	8.306624e-02
6.000000000000001e-01	1.236963e-01
8.000000000000000e-01	1.635955e-01
1.000000000000000e+00	2.026390e-01
1.200000000000000e+00	2.406709e-01
1.400000000000000e+00	2.774937e-01
1.600000000000000e+00	3.128524e-01
1.800000000000000e+00	3.464110e-01
2.000000000000000e+00	3.777163e-01
2.200000000000000e+00	4.061379e-01
2.400000000000000e+00	4.307661e-01
2.600000000000000e+00	4.502232e-01
2.800000000000000e+00	4.622824e-01
3.000000000000000e+00	4.646236e-01
3.200000000000000e+00	4.645255e-01
3.400000000000000e+00	4.645212e-01
3.600000000000000e+00	4.645212e-01
3.800000000000000e+00	4.645212e-01
4.000000000000000e+00	4.645212e-01
4.200000000000000e+00	4.645212e-01
4.400000000000000e+00	4.645212e-01
4.600000000000001e+00	4.645212e-01
4.800000000000001e+00	4.645212e-01
5.000000000000000e+00	4.645212e-01
5.200000000000000e+00	4.645212e-01
5.400000000000000e+00	4.645212e-01
5.600000000000001e+00	4.645212e-01
5.800000000000001e+00	4.645212e-01
6.000000000000000e+00	4.645212e-01
6.200000000000000e+00	4.645212e-01
6.400000000000000e+00	4.645212e-01
6.600000000000001e+00	4.645212e-01
6.800000000000001e+00	4.645212e-01
7.000000000000000e+00	4.645212e-01
7.200000000000000e+00	4.645212e-01
7.400000000000000e+00	4.645212e-01
7.600000000000001e+00	4.645212e-01
7.800000000000001e+00	4.645212e-01
8.000000000000000e+00	4.645212e-01
8.200000000000001e+00	4.645212e-01
8.400000000000000e+00	4.645212e-01
8.600000000000000e+00	4.645212e-01
8.800000000000001e+00	4.645212e-01
9.000000000000000e+00	4.645212e-01
9.200000000000001e+00	4.645212e-01
9.400000000000000e+00	4.645212e-01
9.600000000000001e+00	4.645212e-01
9.800000000000001e+00	4.645212e-01
1.000000000000000e+01	4.645212e-01
Step Information: V_GS=3.6  (Step: 19/41)
0.000000000000000e+00	-1.527339e-28
2.000000000000000e-01	4.234753e-02
4.000000000000000e-01	8.424821e-02
6.000000000000001e-01	1.256416e-01
8.000000000000000e-01	1.664553e-01
1.000000000000000e+00	2.066020e-01
1.200000000000000e+00	2.459755e-01
1.400000000000000e+00	2.844451e-01
1.600000000000000e+00	3.218478e-01
1.800000000000000e+00	3.579771e-01
2.000000000000000e+00	3.925672e-01
2.200000000000000e+00	4.252685e-01
2.400000000000000e+00	4.556104e-01
2.600000000000000e+00	4.829401e-01
2.800000000000000e+00	5.063180e-01
3.000000000000000e+00	5.243252e-01
3.200000000000000e+00	5.346766e-01
3.400000000000000e+00	5.360283e-01
3.600000000000000e+00	5.359394e-01
3.800000000000000e+00	5.359381e-01
4.000000000000000e+00	5.359381e-01
4.200000000000000e+00	5.359381e-01
4.400000000000000e+00	5.359381e-01
4.600000000000001e+00	5.359381e-01
4.800000000000001e+00	5.359381e-01
5.000000000000000e+00	5.359381e-01
5.200000000000000e+00	5.359381e-01
5.400000000000000e+00	5.359381e-01
5.600000000000001e+00	5.359381e-01
5.800000000000001e+00	5.359381e-01
6.000000000000000e+00	5.359381e-01
6.200000000000000e+00	5.359381e-01
6.400000000000000e+00	5.359381e-01
6.600000000000001e+00	5.359381e-01
6.800000000000001e+00	5.359381e-01
7.000000000000000e+00	5.359381e-01
7.200000000000000e+00	5.359381e-01
7.400000000000000e+00	5.359381e-01
7.600000000000001e+00	5.359381e-01
7.800000000000001e+00	5.359381e-01
8.000000000000000e+00	5.359381e-01
8.200000000000001e+00	5.359381e-01
8.400000000000000e+00	5.359381e-01
8.600000000000000e+00	5.359381e-01
8.800000000000001e+00	5.359381e-01
9.000000000000000e+00	5.359381e-01
9.200000000000001e+00	5.359381e-01
9.400000000000000e+00	5.359381e-01
9.600000000000001e+00	5.359381e-01
9.800000000000001e+00	5.359381e-01
1.000000000000000e+01	5.359381e-01
Step Information: V_GS=3.8  (Step: 20/41)
0.000000000000000e+00	-1.527339e-28
2.000000000000000e-01	4.279631e-02
4.000000000000000e-01	8.522066e-02
6.000000000000001e-01	1.272276e-01
8.000000000000000e-01	1.687634e-01
1.000000000000000e+00	2.097648e-01
1.200000000000000e+00	2.501560e-01
1.400000000000000e+00	2.898462e-01
1.600000000000000e+00	3.287249e-01
1.800000000000000e+00	3.666560e-01
2.000000000000000e+00	4.034703e-01
2.200000000000000e+00	4.389539e-01
2.400000000000000e+00	4.728318e-01
2.600000000000000e+00	5.047435e-01
2.800000000000000e+00	5.342044e-01
3.000000000000000e+00	5.605441e-01
3.200000000000000e+00	5.828007e-01
3.400000000000000e+00	5.995271e-01
3.600000000000000e+00	6.084023e-01
3.800000000000000e+00	6.091387e-01
4.000000000000000e+00	6.090636e-01
4.200000000000000e+00	6.090633e-01
4.400000000000000e+00	6.090633e-01
4.600000000000001e+00	6.090633e-01
4.800000000000001e+00	6.090633e-01
5.000000000000000e+00	6.090633e-01
5.200000000000000e+00	6.090633e-01
5.400000000000000e+00	6.090633e-01
5.600000000000001e+00	6.090633e-01
5.800000000000001e+00	6.090633e-01
6.000000000000000e+00	6.090633e-01
6.200000000000000e+00	6.090633e-01
6.400000000000000e+00	6.090633e-01
6.600000000000001e+00	6.090633e-01
6.800000000000001e+00	6.090633e-01
7.000000000000000e+00	6.090633e-01
7.200000000000000e+00	6.090633e-01
7.400000000000000e+00	6.090633e-01
7.600000000000001e+00	6.090633e-01
7.800000000000001e+00	6.090633e-01
8.000000000000000e+00	6.090633e-01
8.200000000000001e+00	6.090633e-01
8.400000000000000e+00	6.090633e-01
8.600000000000000e+00	6.090633e-01
8.800000000000001e+00	6.090633e-01
9.000000000000000e+00	6.090633e-01
9.200000000000001e+00	6.090633e-01
9.400000000000000e+00	6.090633e-01
9.600000000000001e+00	6.090633e-01
9.800000000000001e+00	6.090633e-01
1.000000000000000e+01	6.090633e-01
Step Information: V_GS=4  (Step: 21/41)
0.000000000000000e+00	-1.527339e-28
2.000000000000000e-01	4.317462e-02
4.000000000000000e-01	8.603481e-02
6.000000000000001e-01	1.285455e-01
8.000000000000000e-01	1.706658e-01
1.000000000000000e+00	2.123482e-01
1.200000000000000e+00	2.535370e-01
1.400000000000000e+00	2.941664e-01
1.600000000000000e+00	3.341579e-01
1.800000000000000e+00	3.734172e-01
2.000000000000000e+00	4.118301e-01
2.200000000000000e+00	4.492561e-01
2.400000000000000e+00	4.855207e-01
2.600000000000000e+00	5.204038e-01
2.800000000000000e+00	5.536228e-01
3.000000000000000e+00	5.848083e-01
3.200000000000000e+00	6.134650e-01
3.400000000000000e+00	6.389095e-01
3.600000000000000e+00	6.601647e-01
3.800000000000000e+00	6.757663e-01
4.000000000000000e+00	6.833775e-01
4.200000000000000e+00	6.837541e-01
4.400000000000000e+00	6.836933e-01
4.600000000000001e+00	6.836932e-01
4.800000000000001e+00	6.836932e-01
5.000000000000000e+00	6.836932e-01
5.200000000000000e+00	6.836932e-01
5.400000000000000e+00	6.836932e-01
5.600000000000001e+00	6.836932e-01
5.800000000000001e+00	6.836932e-01
6.000000000000000e+00	6.836932e-01
6.200000000000000e+00	6.836932e-01
6.400000000000000e+00	6.836932e-01
6.600000000000001e+00	6.836932e-01
6.800000000000001e+00	6.836932e-01
7.000000000000000e+00	6.836932e-01
7.200000000000000e+00	6.836932e-01
7.400000000000000e+00	6.836932e-01
7.600000000000001e+00	6.836932e-01
7.800000000000001e+00	6.836932e-01
8.000000000000000e+00	6.836932e-01
8.200000000000001e+00	6.836932e-01
8.400000000000000e+00	6.836932e-01
8.600000000000000e+00	6.836932e-01
8.800000000000001e+00	6.836932e-01
9.000000000000000e+00	6.836932e-01
9.200000000000001e+00	6.836932e-01
9.400000000000000e+00	6.836932e-01
9.600000000000001e+00	6.836932e-01
9.800000000000001e+00	6.836932e-01
1.000000000000000e+01	6.836932e-01
Step Information: V_GS=4.2  (Step: 22/41)
0.000000000000000e+00	-1.527339e-28
2.000000000000000e-01	4.349788e-02
4.000000000000000e-01	8.672646e-02
6.000000000000001e-01	1.296581e-01
8.000000000000000e-01	1.722610e-01
1.000000000000000e+00	2.144986e-01
1.200000000000000e+00	2.563286e-01
1.400000000000000e+00	2.977019e-01
1.600000000000000e+00	3.385609e-01
1.800000000000000e+00	3.788374e-01
2.000000000000000e+00	4.184507e-01
2.200000000000000e+00	4.573036e-01
2.400000000000000e+00	4.952784e-01
2.600000000000000e+00	5.322310e-01
2.800000000000000e+00	5.679824e-01
3.000000000000000e+00	6.023074e-01
3.200000000000000e+00	6.349176e-01
3.400000000000000e+00	6.654363e-01
3.600000000000000e+00	6.933605e-01
3.800000000000000e+00	7.179980e-01
4.000000000000000e+00	7.383626e-01
4.200000000000000e+00	7.529828e-01
4.400000000000000e+00	7.595232e-01
4.600000000000001e+00	7.597100e-01
4.800000000000001e+00	7.596621e-01
5.000000000000000e+00	7.596621e-01
5.200000000000000e+00	7.596621e-01
5.400000000000000e+00	7.596621e-01
5.600000000000001e+00	7.596621e-01
5.800000000000001e+00	7.596621e-01
6.000000000000000e+00	7.596621e-01
6.200000000000000e+00	7.596621e-01
6.400000000000000e+00	7.596621e-01
6.600000000000001e+00	7.596621e-01
6.800000000000001e+00	7.596621e-01
7.000000000000000e+00	7.596621e-01
7.200000000000000e+00	7.596621e-01
7.400000000000000e+00	7.596621e-01
7.600000000000001e+00	7.596621e-01
7.800000000000001e+00	7.596621e-01
8.000000000000000e+00	7.596621e-01
8.200000000000001e+00	7.596621e-01
8.400000000000000e+00	7.596621e-01
8.600000000000000e+00	7.596621e-01
8.800000000000001e+00	7.596621e-01
9.000000000000000e+00	7.596621e-01
9.200000000000001e+00	7.596621e-01
9.400000000000000e+00	7.596621e-01
9.600000000000001e+00	7.596621e-01
9.800000000000001e+00	7.596621e-01
1.000000000000000e+01	7.596621e-01
Step Information: V_GS=4.4  (Step: 23/41)
0.000000000000000e+00	-1.527339e-28
2.000000000000000e-01	4.377729e-02
4.000000000000000e-01	8.732133e-02
6.000000000000001e-01	1.306100e-01
8.000000000000000e-01	1.736179e-01
1.000000000000000e+00	2.163166e-01
1.200000000000000e+00	2.586730e-01
1.400000000000000e+00	3.006496e-01
1.600000000000000e+00	3.422028e-01
1.800000000000000e+00	3.832817e-01
2.000000000000000e+00	4.238271e-01
2.200000000000000e+00	4.637692e-01
2.400000000000000e+00	5.030247e-01
2.600000000000000e+00	5.414943e-01
2.800000000000000e+00	5.790573e-01
3.000000000000000e+00	6.155665e-01
3.200000000000000e+00	6.508393e-01
3.400000000000000e+00	6.846462e-01
3.600000000000000e+00	7.166944e-01
3.800000000000000e+00	7.466021e-01
4.000000000000000e+00	7.738607e-01
4.200000000000000e+00	7.977729e-01
4.400000000000000e+00	8.173491e-01
4.600000000000001e+00	8.311191e-01
4.800000000000001e+00	8.367638e-01
5.000000000000000e+00	8.368694e-01
5.200000000000000e+00	8.368324e-01
5.400000000000000e+00	8.368324e-01
5.600000000000001e+00	8.368324e-01
5.800000000000001e+00	8.368324e-01
6.000000000000000e+00	8.368324e-01
6.200000000000000e+00	8.368324e-01
6.400000000000000e+00	8.368324e-01
6.600000000000001e+00	8.368324e-01
6.800000000000001e+00	8.368324e-01
7.000000000000000e+00	8.368324e-01
7.200000000000000e+00	8.368324e-01
7.400000000000000e+00	8.368324e-01
7.600000000000001e+00	8.368324e-01
7.800000000000001e+00	8.368324e-01
8.000000000000000e+00	8.368324e-01
8.200000000000001e+00	8.368324e-01
8.400000000000000e+00	8.368324e-01
8.600000000000000e+00	8.368324e-01
8.800000000000001e+00	8.368324e-01
9.000000000000000e+00	8.368324e-01
9.200000000000001e+00	8.368324e-01
9.400000000000000e+00	8.368324e-01
9.600000000000001e+00	8.368324e-01
9.800000000000001e+00	8.368324e-01
1.000000000000000e+01	8.368324e-01
Step Information: V_GS=4.6  (Step: 24/41)
0.000000000000000e+00	-1.527339e-28
2.000000000000000e-01	4.402120e-02
4.000000000000000e-01	8.783843e-02
6.000000000000001e-01	1.314336e-01
8.000000000000000e-01	1.747864e-01
1.000000000000000e+00	2.178739e-01
1.200000000000000e+00	2.606701e-01
1.400000000000000e+00	3.031453e-01
1.600000000000000e+00	3.452660e-01
1.800000000000000e+00	3.869931e-01
2.000000000000000e+00	4.282820e-01
2.200000000000000e+00	4.690807e-01
2.400000000000000e+00	5.093282e-01
2.600000000000000e+00	5.489532e-01
2.800000000000000e+00	5.878706e-01
3.000000000000000e+00	6.259788e-01
3.200000000000000e+00	6.631549e-01
3.400000000000000e+00	6.992490e-01
3.600000000000000e+00	7.340757e-01
3.800000000000000e+00	7.674024e-01
4.000000000000000e+00	7.989326e-01
4.200000000000000e+00	8.282812e-01
4.400000000000000e+00	8.549365e-01
4.600000000000001e+00	8.781994e-01
4.800000000000001e+00	8.970811e-01
5.000000000000000e+00	9.101207e-01
5.200000000000000e+00	9.150349e-01
5.400000000000000e+00	9.151172e-01
5.600000000000001e+00	9.150887e-01
5.800000000000001e+00	9.150887e-01
6.000000000000000e+00	9.150887e-01
6.200000000000000e+00	9.150887e-01
6.400000000000000e+00	9.150887e-01
6.600000000000001e+00	9.150887e-01
6.800000000000001e+00	9.150887e-01
7.000000000000000e+00	9.150887e-01
7.200000000000000e+00	9.150887e-01
7.400000000000000e+00	9.150887e-01
7.600000000000001e+00	9.150887e-01
7.800000000000001e+00	9.150887e-01
8.000000000000000e+00	9.150887e-01
8.200000000000001e+00	9.150887e-01
8.400000000000000e+00	9.150887e-01
8.600000000000000e+00	9.150887e-01
8.800000000000001e+00	9.150887e-01
9.000000000000000e+00	9.150887e-01
9.200000000000001e+00	9.150887e-01
9.400000000000000e+00	9.150887e-01
9.600000000000001e+00	9.150887e-01
9.800000000000001e+00	9.150887e-01
1.000000000000000e+01	9.150887e-01
Step Information: V_GS=4.8  (Step: 25/41)
0.000000000000000e+00	-1.527339e-28
2.000000000000000e-01	4.423598e-02
4.000000000000000e-01	8.829208e-02
6.000000000000001e-01	1.321534e-01
8.000000000000000e-01	1.758033e-01
1.000000000000000e+00	2.192230e-01
1.200000000000000e+00	2.623918e-01
1.400000000000000e+00	3.052859e-01
1.600000000000000e+00	3.478787e-01
1.800000000000000e+00	3.901398e-01
2.000000000000000e+00	4.320347e-01
2.200000000000000e+00	4.735235e-01
2.400000000000000e+00	5.145604e-01
2.600000000000000e+00	5.550923e-01
2.800000000000000e+00	5.950570e-01
3.000000000000000e+00	6.343815e-01
3.200000000000000e+00	6.729792e-01
3.400000000000000e+00	7.107469e-01
3.600000000000000e+00	7.475598e-01
3.800000000000000e+00	7.832657e-01
4.000000000000000e+00	8.176770e-01
4.200000000000000e+00	8.505588e-01
4.400000000000000e+00	8.816123e-01
4.600000000000001e+00	9.104505e-01
4.800000000000001e+00	9.365605e-01
5.000000000000000e+00	9.592440e-01
5.200000000000000e+00	9.775177e-01
5.400000000000000e+00	9.899361e-01
5.600000000000001e+00	9.943403e-01
5.800000000000001e+00	9.943550e-01
6.000000000000000e+00	9.943330e-01
6.200000000000000e+00	9.943330e-01
6.400000000000000e+00	9.943330e-01
6.600000000000001e+00	9.943330e-01
6.800000000000001e+00	9.943330e-01
7.000000000000000e+00	9.943330e-01
7.200000000000000e+00	9.943330e-01
7.400000000000000e+00	9.943330e-01
7.600000000000001e+00	9.943330e-01
7.800000000000001e+00	9.943330e-01
8.000000000000000e+00	9.943330e-01
8.200000000000001e+00	9.943330e-01
8.400000000000000e+00	9.943330e-01
8.600000000000000e+00	9.943330e-01
8.800000000000001e+00	9.943330e-01
9.000000000000000e+00	9.943330e-01
9.200000000000001e+00	9.943330e-01
9.400000000000000e+00	9.943330e-01
9.600000000000001e+00	9.943330e-01
9.800000000000001e+00	9.943330e-01
1.000000000000000e+01	9.943330e-01
Step Information: V_GS=5  (Step: 26/41)
0.000000000000000e+00	-1.527339e-28
2.000000000000000e-01	4.442656e-02
4.000000000000000e-01	8.869328e-02
6.000000000000001e-01	1.327877e-01
8.000000000000000e-01	1.766961e-01
1.000000000000000e+00	2.204031e-01
1.200000000000000e+00	2.638915e-01
1.400000000000000e+00	3.071422e-01
1.600000000000000e+00	3.501338e-01
1.800000000000000e+00	3.928421e-01
2.000000000000000e+00	4.352397e-01
2.200000000000000e+00	4.772956e-01
2.400000000000000e+00	5.189744e-01
2.600000000000000e+00	5.602356e-01
2.800000000000000e+00	6.010322e-01
3.000000000000000e+00	6.413102e-01
3.200000000000000e+00	6.810062e-01
3.400000000000000e+00	7.200461e-01
3.600000000000000e+00	7.583420e-01
3.800000000000000e+00	7.957891e-01
4.000000000000000e+00	8.322610e-01
4.200000000000000e+00	8.676041e-01
4.400000000000000e+00	9.016290e-01
4.600000000000001e+00	9.340993e-01
4.800000000000001e+00	9.647148e-01
5.000000000000000e+00	9.930878e-01
5.200000000000000e+00	1.018706e+00
5.400000000000000e+00	1.040875e+00
5.600000000000001e+00	1.058620e+00
5.800000000000001e+00	1.070516e+00
6.000000000000000e+00	1.074557e+00
6.200000000000000e+00	1.074499e+00
6.400000000000000e+00	1.074481e+00
6.600000000000001e+00	1.074481e+00
6.800000000000001e+00	1.074481e+00
7.000000000000000e+00	1.074481e+00
7.200000000000000e+00	1.074481e+00
7.400000000000000e+00	1.074481e+00
7.600000000000001e+00	1.074481e+00
7.800000000000001e+00	1.074481e+00
8.000000000000000e+00	1.074481e+00
8.200000000000001e+00	1.074481e+00
8.400000000000000e+00	1.074481e+00
8.600000000000000e+00	1.074481e+00
8.800000000000001e+00	1.074481e+00
9.000000000000000e+00	1.074481e+00
9.200000000000001e+00	1.074481e+00
9.400000000000000e+00	1.074481e+00
9.600000000000001e+00	1.074481e+00
9.800000000000001e+00	1.074481e+00
1.000000000000000e+01	1.074481e+00
Step Information: V_GS=5.2  (Step: 27/41)
0.000000000000000e+00	-1.527339e-28
2.000000000000000e-01	4.459680e-02
4.000000000000000e-01	8.905065e-02
6.000000000000001e-01	1.333511e-01
8.000000000000000e-01	1.774865e-01
1.000000000000000e+00	2.214440e-01
1.200000000000000e+00	2.652096e-01
1.400000000000000e+00	3.087676e-01
1.600000000000000e+00	3.521003e-01
1.800000000000000e+00	3.951882e-01
2.000000000000000e+00	4.380093e-01
2.200000000000000e+00	4.805390e-01
2.400000000000000e+00	5.227492e-01
2.600000000000000e+00	5.646085e-01
2.800000000000000e+00	6.060806e-01
3.000000000000000e+00	6.471242e-01
3.200000000000000e+00	6.876917e-01
3.400000000000000e+00	7.277281e-01
3.600000000000000e+00	7.671691e-01
3.800000000000000e+00	8.059396e-01
4.000000000000000e+00	8.439504e-01
4.200000000000000e+00	8.810956e-01
4.400000000000000e+00	9.172479e-01
4.600000000000001e+00	9.522522e-01
4.800000000000001e+00	9.859180e-01
5.000000000000000e+00	1.018008e+00
5.200000000000000e+00	1.048222e+00
5.400000000000000e+00	1.076172e+00
5.600000000000001e+00	1.101349e+00
5.800000000000001e+00	1.123063e+00
6.000000000000000e+00	1.140352e+00
6.200000000000000e+00	1.151815e+00
6.400000000000000e+00	1.155535e+00
6.600000000000001e+00	1.155475e+00
6.800000000000001e+00	1.155460e+00
7.000000000000000e+00	1.155460e+00
7.200000000000000e+00	1.155460e+00
7.400000000000000e+00	1.155460e+00
7.600000000000001e+00	1.155460e+00
7.800000000000001e+00	1.155460e+00
8.000000000000000e+00	1.155460e+00
8.200000000000001e+00	1.155460e+00
8.400000000000000e+00	1.155460e+00
8.600000000000000e+00	1.155460e+00
8.800000000000001e+00	1.155460e+00
9.000000000000000e+00	1.155460e+00
9.200000000000001e+00	1.155460e+00
9.400000000000000e+00	1.155460e+00
9.600000000000001e+00	1.155460e+00
9.800000000000001e+00	1.155460e+00
1.000000000000000e+01	1.155460e+00
Step Information: V_GS=5.4  (Step: 28/41)
0.000000000000000e+00	-1.527339e-28
2.000000000000000e-01	4.474980e-02
4.000000000000000e-01	8.937099e-02
6.000000000000001e-01	1.338546e-01
8.000000000000000e-01	1.781910e-01
1.000000000000000e+00	2.223692e-01
1.200000000000000e+00	2.663774e-01
1.400000000000000e+00	3.102026e-01
1.600000000000000e+00	3.538302e-01
1.800000000000000e+00	3.972443e-01
2.000000000000000e+00	4.404268e-01
2.200000000000000e+00	4.833578e-01
2.400000000000000e+00	5.260149e-01
2.600000000000000e+00	5.683730e-01
2.800000000000000e+00	6.104035e-01
3.000000000000000e+00	6.520743e-01
3.200000000000000e+00	6.933486e-01
3.400000000000000e+00	7.341845e-01
3.600000000000000e+00	7.745337e-01
3.800000000000000e+00	8.143402e-01
4.000000000000000e+00	8.535393e-01
4.200000000000000e+00	8.920546e-01
4.400000000000000e+00	9.297965e-01
4.600000000000001e+00	9.666578e-01
4.800000000000001e+00	1.002510e+00
5.000000000000000e+00	1.037199e+00
5.200000000000000e+00	1.070531e+00
5.400000000000000e+00	1.102270e+00
5.600000000000001e+00	1.132116e+00
5.800000000000001e+00	1.159683e+00
6.000000000000000e+00	1.184465e+00
6.200000000000000e+00	1.205779e+00
6.400000000000000e+00	1.222678e+00
6.600000000000001e+00	1.233790e+00
6.800000000000001e+00	1.237280e+00
7.000000000000000e+00	1.237220e+00
7.200000000000000e+00	1.237207e+00
7.400000000000000e+00	1.237207e+00
7.600000000000001e+00	1.237207e+00
7.800000000000001e+00	1.237207e+00
8.000000000000000e+00	1.237207e+00
8.200000000000001e+00	1.237207e+00
8.400000000000000e+00	1.237207e+00
8.600000000000000e+00	1.237207e+00
8.800000000000001e+00	1.237207e+00
9.000000000000000e+00	1.237207e+00
9.200000000000001e+00	1.237207e+00
9.400000000000000e+00	1.237207e+00
9.600000000000001e+00	1.237207e+00
9.800000000000001e+00	1.237207e+00
1.000000000000000e+01	1.237207e+00
Step Information: V_GS=5.6  (Step: 29/41)
0.000000000000000e+00	-1.527339e-28
2.000000000000000e-01	4.488806e-02
4.000000000000000e-01	8.965978e-02
6.000000000000001e-01	1.343075e-01
8.000000000000000e-01	1.788229e-01
1.000000000000000e+00	2.231968e-01
1.200000000000000e+00	2.674191e-01
1.400000000000000e+00	3.114789e-01
1.600000000000000e+00	3.553641e-01
1.800000000000000e+00	3.990612e-01
2.000000000000000e+00	4.425555e-01
2.200000000000000e+00	4.858306e-01
2.400000000000000e+00	5.288684e-01
2.600000000000000e+00	5.716482e-01
2.800000000000000e+00	6.141476e-01
3.000000000000000e+00	6.563407e-01
3.200000000000000e+00	6.981988e-01
3.400000000000000e+00	7.396890e-01
3.600000000000000e+00	7.807742e-01
3.800000000000000e+00	8.214117e-01
4.000000000000000e+00	8.615528e-01
4.200000000000000e+00	9.011409e-01
4.400000000000000e+00	9.401103e-01
4.600000000000001e+00	9.783843e-01
4.800000000000001e+00	1.015872e+00
5.000000000000000e+00	1.052467e+00
5.200000000000000e+00	1.088039e+00
5.400000000000000e+00	1.122432e+00
5.600000000000001e+00	1.155456e+00
5.800000000000001e+00	1.186872e+00
6.000000000000000e+00	1.216382e+00
6.200000000000000e+00	1.243602e+00
6.400000000000000e+00	1.268031e+00
6.600000000000001e+00	1.288996e+00
6.800000000000001e+00	1.305565e+00
7.000000000000000e+00	1.316399e+00
7.200000000000000e+00	1.319736e+00
7.400000000000000e+00	1.319678e+00
7.600000000000001e+00	1.319666e+00
7.800000000000001e+00	1.319666e+00
8.000000000000000e+00	1.319666e+00
8.200000000000001e+00	1.319666e+00
8.400000000000000e+00	1.319666e+00
8.600000000000000e+00	1.319666e+00
8.800000000000001e+00	1.319666e+00
9.000000000000000e+00	1.319666e+00
9.200000000000001e+00	1.319666e+00
9.400000000000000e+00	1.319666e+00
9.600000000000001e+00	1.319666e+00
9.800000000000001e+00	1.319666e+00
1.000000000000000e+01	1.319666e+00
Step Information: V_GS=5.8  (Step: 30/41)
0.000000000000000e+00	-4.960243e-38
2.000000000000000e-01	4.501360e-02
4.000000000000000e-01	8.992147e-02
6.000000000000001e-01	1.347170e-01
8.000000000000000e-01	1.793930e-01
1.000000000000000e+00	2.239416e-01
1.200000000000000e+00	2.683542e-01
1.400000000000000e+00	3.126215e-01
1.600000000000000e+00	3.567334e-01
1.800000000000000e+00	4.006784e-01
2.000000000000000e+00	4.444444e-01
2.200000000000000e+00	4.880177e-01
2.400000000000000e+00	5.313832e-01
2.600000000000000e+00	5.745243e-01
2.800000000000000e+00	6.174223e-01
3.000000000000000e+00	6.600567e-01
3.200000000000000e+00	7.024043e-01
3.400000000000000e+00	7.444389e-01
3.600000000000000e+00	7.861315e-01
3.800000000000000e+00	8.274487e-01
4.000000000000000e+00	8.683530e-01
4.200000000000000e+00	9.088013e-01
4.400000000000000e+00	9.487441e-01
4.600000000000001e+00	9.881244e-01
4.800000000000001e+00	1.026876e+00
5.000000000000000e+00	1.064922e+00
5.200000000000000e+00	1.102171e+00
5.400000000000000e+00	1.138514e+00
5.600000000000001e+00	1.173824e+00
5.800000000000001e+00	1.207943e+00
6.000000000000000e+00	1.240680e+00
6.200000000000000e+00	1.271799e+00
6.400000000000000e+00	1.301003e+00
6.600000000000001e+00	1.327911e+00
6.800000000000001e+00	1.352027e+00
7.000000000000000e+00	1.372689e+00
7.200000000000000e+00	1.388984e+00
7.400000000000000e+00	1.399606e+00
7.600000000000001e+00	1.402855e+00
7.800000000000001e+00	1.402798e+00
8.000000000000000e+00	1.402786e+00
8.200000000000001e+00	1.402786e+00
8.400000000000000e+00	1.402786e+00
8.600000000000000e+00	1.402786e+00
8.800000000000001e+00	1.402786e+00
9.000000000000000e+00	1.402786e+00
9.200000000000001e+00	1.402786e+00
9.400000000000000e+00	1.402786e+00
9.600000000000001e+00	1.402786e+00
9.800000000000001e+00	1.402786e+00
1.000000000000000e+01	1.402786e+00
Step Information: V_GS=6  (Step: 31/41)
0.000000000000000e+00	-4.960243e-38
2.000000000000000e-01	4.512810e-02
4.000000000000000e-01	9.015969e-02
6.000000000000001e-01	1.350890e-01
8.000000000000000e-01	1.799098e-01
1.000000000000000e+00	2.246154e-01
1.200000000000000e+00	2.691982e-01
1.400000000000000e+00	3.136504e-01
1.600000000000000e+00	3.579633e-01
1.800000000000000e+00	4.021273e-01
2.000000000000000e+00	4.461319e-01
2.200000000000000e+00	4.899659e-01
2.400000000000000e+00	5.336165e-01
2.600000000000000e+00	5.770700e-01
2.800000000000000e+00	6.203111e-01
3.000000000000000e+00	6.633227e-01
3.200000000000000e+00	7.060862e-01
3.400000000000000e+00	7.485803e-01
3.600000000000000e+00	7.907819e-01
3.800000000000000e+00	8.326644e-01
4.000000000000000e+00	8.741982e-01
4.200000000000000e+00	9.153498e-01
4.400000000000000e+00	9.560810e-01
4.600000000000001e+00	9.963486e-01
4.800000000000001e+00	1.036103e+00
5.000000000000000e+00	1.075285e+00
5.200000000000000e+00	1.113831e+00
5.400000000000000e+00	1.151661e+00
5.600000000000001e+00	1.188684e+00
5.800000000000001e+00	1.224792e+00
6.000000000000000e+00	1.259856e+00
6.200000000000000e+00	1.293720e+00
6.400000000000000e+00	1.326192e+00
6.600000000000001e+00	1.357039e+00
6.800000000000001e+00	1.385964e+00
7.000000000000000e+00	1.412591e+00
7.200000000000000e+00	1.436432e+00
7.400000000000000e+00	1.456834e+00
7.600000000000001e+00	1.472905e+00
7.800000000000001e+00	1.483373e+00
8.000000000000000e+00	1.486593e+00
8.200000000000001e+00	1.486537e+00
8.400000000000000e+00	1.486526e+00
8.600000000000000e+00	1.486526e+00
8.800000000000001e+00	1.486526e+00
9.000000000000000e+00	1.486526e+00
9.200000000000001e+00	1.486526e+00
9.400000000000000e+00	1.486526e+00
9.600000000000001e+00	1.486526e+00
9.800000000000001e+00	1.486526e+00
1.000000000000000e+01	1.486526e+00
Step Information: V_GS=6.2  (Step: 32/41)
0.000000000000000e+00	-0.000000e+00
2.000000000000000e-01	4.523296e-02
4.000000000000000e-01	9.037748e-02
6.000000000000001e-01	1.354285e-01
8.000000000000000e-01	1.803806e-01
1.000000000000000e+00	2.252278e-01
1.200000000000000e+00	2.699639e-01
1.400000000000000e+00	3.145818e-01
1.600000000000000e+00	3.590742e-01
1.800000000000000e+00	4.034328e-01
2.000000000000000e+00	4.476488e-01
2.200000000000000e+00	4.917125e-01
2.400000000000000e+00	5.356132e-01
2.600000000000000e+00	5.793395e-01
2.800000000000000e+00	6.228785e-01
3.000000000000000e+00	6.662161e-01
3.200000000000000e+00	7.093369e-01
3.400000000000000e+00	7.522237e-01
3.600000000000000e+00	7.948573e-01
3.800000000000000e+00	8.372166e-01
4.000000000000000e+00	8.792776e-01
4.200000000000000e+00	9.210139e-01
4.400000000000000e+00	9.623955e-01
4.600000000000001e+00	1.003388e+00
4.800000000000001e+00	1.043954e+00
5.000000000000000e+00	1.084049e+00
5.200000000000000e+00	1.123624e+00
5.400000000000000e+00	1.162619e+00
5.600000000000001e+00	1.200969e+00
5.800000000000001e+00	1.238595e+00
6.000000000000000e+00	1.275406e+00
6.200000000000000e+00	1.311293e+00
6.400000000000000e+00	1.346128e+00
6.600000000000001e+00	1.379754e+00
6.800000000000001e+00	1.411982e+00
7.000000000000000e+00	1.442579e+00
7.200000000000000e+00	1.471251e+00
7.400000000000000e+00	1.497627e+00
7.600000000000001e+00	1.521226e+00
7.800000000000001e+00	1.541408e+00
8.000000000000000e+00	1.557300e+00
8.200000000000001e+00	1.567668e+00
8.400000000000000e+00	1.570909e+00
8.600000000000000e+00	1.570856e+00
8.800000000000001e+00	1.570844e+00
9.000000000000000e+00	1.570844e+00
9.200000000000001e+00	1.570844e+00
9.400000000000000e+00	1.570844e+00
9.600000000000001e+00	1.570844e+00
9.800000000000001e+00	1.570844e+00
1.000000000000000e+01	1.570844e+00
Step Information: V_GS=6.4  (Step: 33/41)
0.000000000000000e+00	-0.000000e+00
2.000000000000000e-01	4.532935e-02
4.000000000000000e-01	9.057735e-02
6.000000000000001e-01	1.357395e-01
8.000000000000000e-01	1.808112e-01
1.000000000000000e+00	2.257871e-01
1.200000000000000e+00	2.706617e-01
1.400000000000000e+00	3.154290e-01
1.600000000000000e+00	3.600825e-01
1.800000000000000e+00	4.046153e-01
2.000000000000000e+00	4.490196e-01
2.200000000000000e+00	4.932872e-01
2.400000000000000e+00	5.374091e-01
2.600000000000000e+00	5.813755e-01
2.800000000000000e+00	6.251756e-01
3.000000000000000e+00	6.687976e-01
3.200000000000000e+00	7.122285e-01
3.400000000000000e+00	7.554541e-01
3.600000000000000e+00	7.984588e-01
3.800000000000000e+00	8.412249e-01
4.000000000000000e+00	8.837334e-01
4.200000000000000e+00	9.259626e-01
4.400000000000000e+00	9.678887e-01
4.600000000000001e+00	1.009485e+00
4.800000000000001e+00	1.050720e+00
5.000000000000000e+00	1.091561e+00
5.200000000000000e+00	1.131969e+00
5.400000000000000e+00	1.171900e+00
5.600000000000001e+00	1.211303e+00
5.800000000000001e+00	1.250120e+00
6.000000000000000e+00	1.288284e+00
6.200000000000000e+00	1.325718e+00
6.400000000000000e+00	1.362329e+00
6.600000000000001e+00	1.398009e+00
6.800000000000001e+00	1.432630e+00
7.000000000000000e+00	1.466036e+00
7.200000000000000e+00	1.498039e+00
7.400000000000000e+00	1.528407e+00
7.600000000000001e+00	1.556851e+00
7.800000000000001e+00	1.583004e+00
8.000000000000000e+00	1.606392e+00
8.200000000000001e+00	1.626389e+00
8.400000000000000e+00	1.642144e+00
8.600000000000000e+00	1.652460e+00
8.800000000000001e+00	1.655770e+00
9.000000000000000e+00	1.655719e+00
9.200000000000001e+00	1.655706e+00
9.400000000000000e+00	1.655706e+00
9.600000000000001e+00	1.655706e+00
9.800000000000001e+00	1.655706e+00
1.000000000000000e+01	1.655706e+00
Step Information: V_GS=6.6  (Step: 34/41)
0.000000000000000e+00	-0.000000e+00
2.000000000000000e-01	4.541826e-02
4.000000000000000e-01	9.076143e-02
6.000000000000001e-01	1.360256e-01
8.000000000000000e-01	1.812065e-01
1.000000000000000e+00	2.262997e-01
1.200000000000000e+00	2.713002e-01
1.400000000000000e+00	3.162028e-01
1.600000000000000e+00	3.610018e-01
1.800000000000000e+00	4.056913e-01
2.000000000000000e+00	4.502645e-01
2.200000000000000e+00	4.947144e-01
2.400000000000000e+00	5.390331e-01
2.600000000000000e+00	5.832124e-01
2.800000000000000e+00	6.272430e-01
3.000000000000000e+00	6.711150e-01
3.200000000000000e+00	7.148174e-01
3.400000000000000e+00	7.583383e-01
3.600000000000000e+00	8.016647e-01
3.800000000000000e+00	8.447820e-01
4.000000000000000e+00	8.876744e-01
4.200000000000000e+00	9.303243e-01
4.400000000000000e+00	9.727121e-01
4.600000000000001e+00	1.014816e+00
4.800000000000001e+00	1.056612e+00
5.000000000000000e+00	1.098073e+00
5.200000000000000e+00	1.139169e+00
5.400000000000000e+00	1.179865e+00
5.600000000000001e+00	1.220122e+00
5.800000000000001e+00	1.259895e+00
6.000000000000000e+00	1.299135e+00
6.200000000000000e+00	1.337783e+00
6.400000000000000e+00	1.375773e+00
6.600000000000001e+00	1.413024e+00
6.800000000000001e+00	1.449447e+00
7.000000000000000e+00	1.484934e+00
7.200000000000000e+00	1.519355e+00
7.400000000000000e+00	1.552557e+00
7.600000000000001e+00	1.584352e+00
7.800000000000001e+00	1.614512e+00
8.000000000000000e+00	1.642750e+00
8.200000000000001e+00	1.668705e+00
8.400000000000000e+00	1.691912e+00
8.600000000000000e+00	1.711758e+00
8.800000000000001e+00	1.727413e+00
9.000000000000000e+00	1.737718e+00
9.200000000000001e+00	1.741142e+00
9.400000000000000e+00	1.741094e+00
9.600000000000001e+00	1.741081e+00
9.800000000000001e+00	1.741081e+00
1.000000000000000e+01	1.741081e+00
Step Information: V_GS=6.8  (Step: 35/41)
0.000000000000000e+00	-0.000000e+00
2.000000000000000e-01	4.550051e-02
4.000000000000000e-01	9.093151e-02
6.000000000000001e-01	1.362895e-01
8.000000000000000e-01	1.815708e-01
1.000000000000000e+00	2.267712e-01
1.200000000000000e+00	2.718866e-01
1.400000000000000e+00	3.169124e-01
1.600000000000000e+00	3.618435e-01
1.800000000000000e+00	4.066747e-01
2.000000000000000e+00	4.514002e-01
2.200000000000000e+00	4.960138e-01
2.400000000000000e+00	5.405089e-01
2.600000000000000e+00	5.848781e-01
2.800000000000000e+00	6.291136e-01
3.000000000000000e+00	6.732070e-01
3.200000000000000e+00	7.171490e-01
3.400000000000000e+00	7.609293e-01
3.600000000000000e+00	8.045371e-01
3.800000000000000e+00	8.479602e-01
4.000000000000000e+00	8.911853e-01
4.200000000000000e+00	9.341979e-01
4.400000000000000e+00	9.769819e-01
4.600000000000001e+00	1.019519e+00
4.800000000000001e+00	1.061791e+00
5.000000000000000e+00	1.103775e+00
5.200000000000000e+00	1.145446e+00
5.400000000000000e+00	1.186778e+00
5.600000000000001e+00	1.227739e+00
5.800000000000001e+00	1.268295e+00
6.000000000000000e+00	1.308408e+00
6.200000000000000e+00	1.348032e+00
6.400000000000000e+00	1.387117e+00
6.600000000000001e+00	1.425605e+00
6.800000000000001e+00	1.463428e+00
7.000000000000000e+00	1.500509e+00
7.200000000000000e+00	1.536755e+00
7.400000000000000e+00	1.572060e+00
7.600000000000001e+00	1.606295e+00
7.800000000000001e+00	1.639308e+00
8.000000000000000e+00	1.670913e+00
8.200000000000001e+00	1.700884e+00
8.400000000000000e+00	1.728937e+00
8.600000000000000e+00	1.754718e+00
8.800000000000001e+00	1.777770e+00
9.000000000000000e+00	1.797494e+00
9.200000000000001e+00	1.813084e+00
9.400000000000000e+00	1.823417e+00
9.600000000000001e+00	1.826984e+00
9.800000000000001e+00	1.826953e+00
1.000000000000000e+01	1.826938e+00
Step Information: V_GS=7  (Step: 36/41)
0.000000000000000e+00	-0.000000e+00
2.000000000000000e-01	4.557684e-02
4.000000000000000e-01	9.108914e-02
6.000000000000001e-01	1.365338e-01
8.000000000000000e-01	1.819074e-01
1.000000000000000e+00	2.272065e-01
1.200000000000000e+00	2.724273e-01
1.400000000000000e+00	3.175655e-01
1.600000000000000e+00	3.626170e-01
1.800000000000000e+00	4.075769e-01
2.000000000000000e+00	4.524404e-01
2.200000000000000e+00	4.972019e-01
2.400000000000000e+00	5.418557e-01
2.600000000000000e+00	5.863954e-01
2.800000000000000e+00	6.308144e-01
3.000000000000000e+00	6.751052e-01
3.200000000000000e+00	7.192599e-01
3.400000000000000e+00	7.632698e-01
3.600000000000000e+00	8.071257e-01
3.800000000000000e+00	8.508172e-01
4.000000000000000e+00	8.943332e-01
4.200000000000000e+00	9.376615e-01
4.400000000000000e+00	9.807886e-01
4.600000000000001e+00	1.023700e+00
4.800000000000001e+00	1.066379e+00
5.000000000000000e+00	1.108809e+00
5.200000000000000e+00	1.150968e+00
5.400000000000000e+00	1.192836e+00
5.600000000000001e+00	1.234387e+00
5.800000000000001e+00	1.275594e+00
6.000000000000000e+00	1.316427e+00
6.200000000000000e+00	1.356850e+00
6.400000000000000e+00	1.396825e+00
6.600000000000001e+00	1.436307e+00
6.800000000000001e+00	1.475245e+00
7.000000000000000e+00	1.513580e+00
7.200000000000000e+00	1.551246e+00
7.400000000000000e+00	1.588165e+00
7.600000000000001e+00	1.624245e+00
7.800000000000001e+00	1.659380e+00
8.000000000000000e+00	1.693443e+00
8.200000000000001e+00	1.726282e+00
8.400000000000000e+00	1.757712e+00
8.600000000000000e+00	1.787511e+00
8.800000000000001e+00	1.815399e+00
9.000000000000000e+00	1.841028e+00
9.200000000000001e+00	1.863950e+00
9.400000000000000e+00	1.883581e+00
9.600000000000001e+00	1.899135e+00
9.800000000000001e+00	1.909530e+00
1.000000000000000e+01	1.913234e+00
Step Information: V_GS=7.2  (Step: 37/41)
0.000000000000000e+00	-0.000000e+00
2.000000000000000e-01	4.564786e-02
4.000000000000000e-01	9.123565e-02
6.000000000000001e-01	1.367605e-01
8.000000000000000e-01	1.822196e-01
1.000000000000000e+00	2.276096e-01
1.200000000000000e+00	2.729271e-01
1.400000000000000e+00	3.181686e-01
1.600000000000000e+00	3.633302e-01
1.800000000000000e+00	4.084077e-01
2.000000000000000e+00	4.533967e-01
2.200000000000000e+00	4.982925e-01
2.400000000000000e+00	5.430899e-01
2.600000000000000e+00	5.877835e-01
2.800000000000000e+00	6.323674e-01
3.000000000000000e+00	6.768352e-01
3.200000000000000e+00	7.211801e-01
3.400000000000000e+00	7.653946e-01
3.600000000000000e+00	8.094707e-01
3.800000000000000e+00	8.533996e-01
4.000000000000000e+00	8.971719e-01
4.200000000000000e+00	9.407771e-01
4.400000000000000e+00	9.842042e-01
4.600000000000001e+00	1.027441e+00
4.800000000000001e+00	1.070473e+00
5.000000000000000e+00	1.113286e+00
5.200000000000000e+00	1.155865e+00
5.400000000000000e+00	1.198189e+00
5.600000000000001e+00	1.240241e+00
5.800000000000001e+00	1.281997e+00
6.000000000000000e+00	1.323433e+00
6.200000000000000e+00	1.364521e+00
6.400000000000000e+00	1.405230e+00
6.600000000000001e+00	1.445526e+00
6.800000000000001e+00	1.485370e+00
7.000000000000000e+00	1.524715e+00
7.200000000000000e+00	1.563513e+00
7.400000000000000e+00	1.601704e+00
7.600000000000001e+00	1.639222e+00
7.800000000000001e+00	1.675988e+00
8.000000000000000e+00	1.711913e+00
8.200000000000001e+00	1.746890e+00
8.400000000000000e+00	1.780792e+00
8.600000000000000e+00	1.813469e+00
8.800000000000001e+00	1.844741e+00
9.000000000000000e+00	1.874384e+00
9.200000000000001e+00	1.902126e+00
9.400000000000000e+00	1.927623e+00
9.600000000000001e+00	1.950438e+00
9.800000000000001e+00	1.970000e+00
1.000000000000000e+01	1.985548e+00
Step Information: V_GS=7.4  (Step: 38/41)
0.000000000000000e+00	-0.000000e+00
2.000000000000000e-01	4.571410e-02
4.000000000000000e-01	9.137215e-02
6.000000000000001e-01	1.369716e-01
8.000000000000000e-01	1.825098e-01
1.000000000000000e+00	2.279839e-01
1.200000000000000e+00	2.733908e-01
1.400000000000000e+00	3.187273e-01
1.600000000000000e+00	3.639900e-01
1.800000000000000e+00	4.091752e-01
2.000000000000000e+00	4.542789e-01
2.200000000000000e+00	4.992971e-01
2.400000000000000e+00	5.442251e-01
2.600000000000000e+00	5.890582e-01
2.800000000000000e+00	6.337912e-01
3.000000000000000e+00	6.784186e-01
3.200000000000000e+00	7.229344e-01
3.400000000000000e+00	7.673322e-01
3.600000000000000e+00	8.116049e-01
3.800000000000000e+00	8.557452e-01
4.000000000000000e+00	8.997448e-01
4.200000000000000e+00	9.435950e-01
4.400000000000000e+00	9.872862e-01
4.600000000000001e+00	1.030808e+00
4.800000000000001e+00	1.074149e+00
5.000000000000000e+00	1.117296e+00
5.200000000000000e+00	1.160237e+00
5.400000000000000e+00	1.202956e+00
5.600000000000001e+00	1.245436e+00
5.800000000000001e+00	1.287660e+00
6.000000000000000e+00	1.329608e+00
6.200000000000000e+00	1.371256e+00
6.400000000000000e+00	1.412581e+00
6.600000000000001e+00	1.453555e+00
6.800000000000001e+00	1.494146e+00
7.000000000000000e+00	1.534320e+00
7.200000000000000e+00	1.574038e+00
7.400000000000000e+00	1.613254e+00
7.600000000000001e+00	1.651919e+00
7.800000000000001e+00	1.689973e+00
8.000000000000000e+00	1.727351e+00
8.200000000000001e+00	1.763974e+00
8.400000000000000e+00	1.799753e+00
8.600000000000000e+00	1.834581e+00
8.800000000000001e+00	1.868335e+00
9.000000000000000e+00	1.900864e+00
9.200000000000001e+00	1.931990e+00
9.400000000000000e+00	1.961493e+00
9.600000000000001e+00	1.989106e+00
9.800000000000001e+00	2.014491e+00
1.000000000000000e+01	2.037220e+00
Step Information: V_GS=7.6  (Step: 39/41)
0.000000000000000e+00	-0.000000e+00
2.000000000000000e-01	4.577604e-02
4.000000000000000e-01	9.149964e-02
6.000000000000001e-01	1.371685e-01
8.000000000000000e-01	1.827803e-01
1.000000000000000e+00	2.283323e-01
1.200000000000000e+00	2.738219e-01
1.400000000000000e+00	3.192462e-01
1.600000000000000e+00	3.646021e-01
1.800000000000000e+00	4.098863e-01
2.000000000000000e+00	4.550953e-01
2.200000000000000e+00	5.002254e-01
2.400000000000000e+00	5.452727e-01
2.600000000000000e+00	5.902328e-01
2.800000000000000e+00	6.351013e-01
3.000000000000000e+00	6.798733e-01
3.200000000000000e+00	7.245435e-01
3.400000000000000e+00	7.691064e-01
3.600000000000000e+00	8.135558e-01
3.800000000000000e+00	8.578853e-01
4.000000000000000e+00	9.020879e-01
4.200000000000000e+00	9.461559e-01
4.400000000000000e+00	9.900813e-01
4.600000000000001e+00	1.033855e+00
4.800000000000001e+00	1.077467e+00
5.000000000000000e+00	1.120908e+00
5.200000000000000e+00	1.164165e+00
5.400000000000000e+00	1.207227e+00
5.600000000000001e+00	1.250079e+00
5.800000000000001e+00	1.292706e+00
6.000000000000000e+00	1.335092e+00
6.200000000000000e+00	1.377219e+00
6.400000000000000e+00	1.419066e+00
6.600000000000001e+00	1.460611e+00
6.800000000000001e+00	1.501830e+00
7.000000000000000e+00	1.542694e+00
7.200000000000000e+00	1.583172e+00
7.400000000000000e+00	1.623229e+00
7.600000000000001e+00	1.662827e+00
7.800000000000001e+00	1.701920e+00
8.000000000000000e+00	1.740458e+00
8.200000000000001e+00	1.778383e+00
8.400000000000000e+00	1.815628e+00
8.600000000000000e+00	1.852117e+00
8.800000000000001e+00	1.887759e+00
9.000000000000000e+00	1.922449e+00
9.200000000000001e+00	1.956065e+00
9.400000000000000e+00	1.988458e+00
9.600000000000001e+00	2.019452e+00
9.800000000000001e+00	2.048831e+00
1.000000000000000e+01	2.076330e+00
Step Information: V_GS=7.8  (Step: 40/41)
0.000000000000000e+00	-0.000000e+00
2.000000000000000e-01	4.583408e-02
4.000000000000000e-01	9.161900e-02
6.000000000000001e-01	1.373527e-01
8.000000000000000e-01	1.830330e-01
1.000000000000000e+00	2.286575e-01
1.200000000000000e+00	2.742239e-01
1.400000000000000e+00	3.197295e-01
1.600000000000000e+00	3.651715e-01
1.800000000000000e+00	4.105470e-01
2.000000000000000e+00	4.558530e-01
2.200000000000000e+00	5.010859e-01
2.400000000000000e+00	5.462425e-01
2.600000000000000e+00	5.913188e-01
2.800000000000000e+00	6.363109e-01
3.000000000000000e+00	6.812144e-01
3.200000000000000e+00	7.260247e-01
3.400000000000000e+00	7.707370e-01
3.600000000000000e+00	8.153459e-01
3.800000000000000e+00	8.598459e-01
4.000000000000000e+00	9.042306e-01
4.200000000000000e+00	9.484937e-01
4.400000000000000e+00	9.926280e-01
4.600000000000001e+00	1.036626e+00
4.800000000000001e+00	1.080479e+00
5.000000000000000e+00	1.124178e+00
5.200000000000000e+00	1.167714e+00
5.400000000000000e+00	1.211076e+00
5.600000000000001e+00	1.254252e+00
5.800000000000001e+00	1.297230e+00
6.000000000000000e+00	1.339996e+00
6.200000000000000e+00	1.382535e+00
6.400000000000000e+00	1.424830e+00
6.600000000000001e+00	1.466864e+00
6.800000000000001e+00	1.508614e+00
7.000000000000000e+00	1.550060e+00
7.200000000000000e+00	1.591176e+00
7.400000000000000e+00	1.631935e+00
7.600000000000001e+00	1.672304e+00
7.800000000000001e+00	1.712251e+00
8.000000000000000e+00	1.751734e+00
8.200000000000001e+00	1.790710e+00
8.400000000000000e+00	1.829128e+00
8.600000000000000e+00	1.866930e+00
8.800000000000001e+00	1.904051e+00
9.000000000000000e+00	1.940412e+00
9.200000000000001e+00	1.975926e+00
9.400000000000000e+00	2.010489e+00
9.600000000000001e+00	2.043977e+00
9.800000000000001e+00	2.076245e+00
1.000000000000000e+01	2.107119e+00
Step Information: V_GS=8  (Step: 41/41)
0.000000000000000e+00	-0.000000e+00
2.000000000000000e-01	4.588857e-02
4.000000000000000e-01	9.173097e-02
6.000000000000001e-01	1.375253e-01
8.000000000000000e-01	1.832696e-01
1.000000000000000e+00	2.289618e-01
1.200000000000000e+00	2.745996e-01
1.400000000000000e+00	3.201807e-01
1.600000000000000e+00	3.657026e-01
1.800000000000000e+00	4.111626e-01
2.000000000000000e+00	4.565580e-01
2.200000000000000e+00	5.018858e-01
2.400000000000000e+00	5.471429e-01
2.600000000000000e+00	5.923257e-01
2.800000000000000e+00	6.374310e-01
3.000000000000000e+00	6.824546e-01
3.200000000000000e+00	7.273927e-01
3.400000000000000e+00	7.722409e-01
3.600000000000000e+00	8.169945e-01
3.800000000000000e+00	8.616486e-01
4.000000000000000e+00	9.061977e-01
4.200000000000000e+00	9.506363e-01
4.400000000000000e+00	9.949580e-01
4.600000000000001e+00	1.039156e+00
4.800000000000001e+00	1.083224e+00
5.000000000000000e+00	1.127154e+00
5.200000000000000e+00	1.170937e+00
5.400000000000000e+00	1.214564e+00
5.600000000000001e+00	1.258026e+00
5.800000000000001e+00	1.301311e+00
6.000000000000000e+00	1.344409e+00
6.200000000000000e+00	1.387306e+00
6.400000000000000e+00	1.429989e+00
6.600000000000001e+00	1.472443e+00
6.800000000000001e+00	1.514650e+00
7.000000000000000e+00	1.556592e+00
7.200000000000000e+00	1.598250e+00
7.400000000000000e+00	1.639600e+00
7.600000000000001e+00	1.680618e+00
7.800000000000001e+00	1.721275e+00
8.000000000000000e+00	1.761542e+00
8.200000000000001e+00	1.801381e+00
8.400000000000000e+00	1.840756e+00
8.600000000000000e+00	1.879620e+00
8.800000000000001e+00	1.917924e+00
9.000000000000000e+00	1.955611e+00
9.200000000000001e+00	1.992613e+00
9.400000000000000e+00	2.028856e+00
9.600000000000001e+00	2.064250e+00
9.800000000000001e+00	2.098693e+00
1.000000000000000e+01	2.132064e+00
